[[ 99   0   0   0]
 [  0 388   0   0]
 [  0   0 310   0]
 [  0   0   0 166]][[58  0  0  0  0]
 [ 0 41  0  0  0]
 [ 0  0 77  0  0]
 [ 0  0  0 53  0]
 [ 0  0  0  0 72]][[57  0  0  0  0]
 [ 0 41  0  0  0]
 [ 0  0 77  0  0]
 [ 0  0  0 53  0]
 [ 0  0  0  0 72]][[1 0 0]
 [0 1 0]
 [0 0 0]][[0 0]
 [0 0]][[0 0]
 [0 0]][[2 0]
 [0 1]][[1 0]
 [0 2]][[1 0]
 [0 2]][[0 0 0]
 [0 1 0]
 [0 0 1]][[0]][[0]][[1 0 0 0]
 [0 1 0 0]
 [0 0 1 0]
 [0 0 0 1]][[0]][[0]][[1 0 0]
 [0 2 0]
 [0 0 1]][[0]][[0]][[1 0 0 0]
 [0 1 0 0]
 [0 0 2 0]
 [0 0 0 1]][[1]][[1]][[0 0 0]
 [0 1 0]
 [0 0 1]][[1]][[1]][[1 0]
 [0 2]][[1]][[1]][[1 0]
 [0 2]][[0]][[0]][[2 0]
 [0 1]][[1]][[1]][[2 0]
 [0 1]][[1 0]
 [0 2]][[1 0]
 [0 2]][[2]][[1]][[1]][[2]][[1]][[1]][[3]][[3]][[3]][[2]][[1]][[1]][[2]][[1]][[1]][[0 0 0 0]
 [0 5 0 0]
 [0 0 2 0]
 [0 0 0 2]][[1 0]
 [0 3]][[1 0]
 [0 3]][[0 0 0 0]
 [0 0 0 0]
 [0 0 1 0]
 [0 0 0 1]][[1]][[1]][[6]][[4]][[4]][[2 0]
 [0 1]][[1]][[1]][[1 0]
 [0 1]][[1]][[1]][[1 0]
 [0 1]][[1]][[1]][[2 0]
 [0 1]][[1]][[1]][[1 0]
 [0 1]][[1]][[1]][[2 0]
 [0 3]][[2]][[2]][[0 0]
 [0 4]][[2]][[2]][[1 0]
 [0 0]][[0]][[0]][[1 0]
 [0 1]][[1]][[1]][[5 0]
 [0 1]][[5]][[5]][[1 0 0]
 [0 1 0]
 [0 0 1]][[0]][[0]][[0 0 0]
 [0 1 0]
 [0 0 1]][[1]][[1]][[1 0]
 [0 1]][[0]][[0]][[1 0 0]
 [0 2 0]
 [0 0 1]][[1 0]
 [0 1]][[1 0]
 [0 1]][[2 0 0]
 [0 3 0]
 [0 0 0]][[1 0]
 [0 0]][[1 0]
 [0 0]][[1 0 0]
 [0 1 0]
 [0 0 1]][[1]][[1]][[2 0 0]
 [0 3 0]
 [0 0 2]][[2 0]
 [0 2]][[2 0]
 [0 2]][[3 0]
 [0 1]][[1]][[1]][[0 0 0 0]
 [0 0 0 0]
 [0 0 1 0]
 [0 0 0 0]][[0 0]
 [0 0]][[0 0]
 [0 0]][[3 0]
 [0 1]][[1]][[1]][[2]][[1]][[1]][[2 0]
 [0 1]][[1 0]
 [0 0]][[1 0]
 [0 0]][[2 0 0]
 [0 1 0]
 [0 0 1]][[2]][[2]][[1 0 0]
 [0 1 0]
 [0 0 1]][[0 0 0]
 [0 0 0]
 [0 0 1]][[0 0 0]
 [0 0 0]
 [0 0 1]][[0 0 0]
 [0 2 0]
 [0 0 0]][[0]][[0]][[0 0 0]
 [0 2 0]
 [0 0 1]][[1]][[1]][[2 0]
 [0 1]][[1]][[1]][[2 0]
 [0 1]][[2]][[2]][[2 0 0]
 [0 1 0]
 [0 0 1]][[1]][[1]][[2 0 0]
 [0 1 0]
 [0 0 1]][[1]][[1]][[3 0]
 [0 2]][[1 0]
 [0 2]][[1 0]
 [0 2]][[2 0 0]
 [0 0 0]
 [0 0 1]][[0 0]
 [0 0]][[0 0]
 [0 0]][[2 0 0]
 [0 1 0]
 [0 0 2]][[1]][[1]][[1 0]
 [0 3]][[2]][[2]][[2 0 0]
 [0 1 0]
 [0 0 1]][[0 0]
 [0 1]][[0 0]
 [0 1]][[3]][[0]][[0]][[2 0]
 [0 1]][[1]][[1]][[1 0]
 [0 1]][[1]][[1]][[1 0]
 [0 1]][[1]][[1]][[1 0 0]
 [0 1 0]
 [0 0 1]][[1]][[1]][[1 0]
 [0 1]][[1]][[1]][[1 0 0]
 [0 1 0]
 [0 0 1]][[1]][[1]][[1 0]
 [0 1]][[1]][[1]][[1 0]
 [0 1]][[1]][[1]][[2 0]
 [0 1]][[1 0]
 [0 2]][[1 0]
 [0 2]][[2 0]
 [0 2]][[1]][[1]][[1 0 0]
 [0 1 0]
 [0 0 2]][[1]][[1]][[1 0]
 [0 1]][[1]][[1]][[1 0]
 [0 1]][[1]][[1]][[2 0]
 [0 2]][[1]][[1]][[2 0]
 [0 1]][[1 0]
 [0 2]][[1 0]
 [0 2]][[1 0 0]
 [0 1 0]
 [0 0 0]][[0]][[0]][[2 0 0]
 [0 1 0]
 [0 0 4]][[0]][[0]][[0 0 0]
 [0 1 0]
 [0 0 1]][[0 0]
 [0 1]][[0 0]
 [0 1]][[0 0 0 0]
 [0 1 0 0]
 [0 0 1 0]
 [0 0 0 1]][[1]][[1]][[1 0 0]
 [0 1 0]
 [0 0 0]][[0]][[0]][[3 0]
 [0 1]][[1 0]
 [0 1]][[1 0]
 [0 1]][[1 0]
 [0 1]][[1]][[1]][[1 0 0]
 [0 2 0]
 [0 0 1]][[1]][[1]][[1 0]
 [0 1]][[0]][[0]][[2 0 0]
 [0 3 0]
 [0 0 1]][[0]][[0]][[1 0]
 [0 1]][[1]][[1]][[2 0]
 [0 1]][[1]][[1]][[1 0]
 [0 3]][[1]][[1]][[2 0 0 0]
 [0 2 0 0]
 [0 0 1 0]
 [0 0 0 1]][[1 0]
 [0 0]][[1 0]
 [0 0]][[2 0]
 [0 1]][[0]][[0]][[3 0 0]
 [0 1 0]
 [0 0 1]][[0 0 0]
 [0 0 0]
 [0 0 1]][[0 0 0]
 [0 0 0]
 [0 0 1]][[4 0]
 [0 0]][[0 0]
 [0 0]][[0 0]
 [0 0]][[1 0]
 [0 1]][[1]][[1]][[1 0]
 [0 5]][[2]][[2]][[1 0]
 [0 4]][[2]][[2]][[3]][[1]][[1]][[1 0 0]
 [0 1 0]
 [0 0 0]][[1 0 0]
 [0 0 0]
 [0 0 0]][[0 0 0]
 [0 0 0]
 [0 0 0]][[1 0]
 [0 2]][[1]][[1]][[4 0 0]
 [0 0 0]
 [0 0 1]][[0]][[0]][[1 0 0]
 [0 2 0]
 [0 0 1]][[1]][[1]][[1 0]
 [0 2]][[0]][[0]][[1 0]
 [0 1]][[1]][[1]][[2]][[1]][[1]][[3 0]
 [0 1]][[0 0]
 [0 1]][[0 0]
 [0 1]][[2 0]
 [0 1]][[1 0]
 [0 0]][[1 0]
 [0 0]][[2 0]
 [0 0]][[0]][[0]][[1 0]
 [0 1]][[1]][[1]][[0 0 0]
 [0 3 0]
 [0 0 1]][[1 0]
 [0 1]][[1 0]
 [0 1]][[0 0 0]
 [0 1 0]
 [0 0 2]][[1]][[1]][[2 0 0]
 [0 3 0]
 [0 0 1]][[2 0]
 [0 1]][[2 0]
 [0 1]][[1 0]
 [0 1]][[1]][[1]][[1 0 0]
 [0 1 0]
 [0 0 1]][[0]][[0]][[2 0 0 0]
 [0 0 0 0]
 [0 0 1 0]
 [0 0 0 1]][[1]][[1]][[1 0]
 [0 1]][[1]][[1]][[0 0 0]
 [0 4 0]
 [0 0 0]][[1 0]
 [0 0]][[1 0]
 [0 0]][[2 0]
 [0 1]][[1]][[1]][[1 0]
 [0 1]][[1]][[1]][[1 0]
 [0 1]][[1]][[1]][[1 0 0]
 [0 1 0]
 [0 0 1]][[0]][[0]][[0 0 0 0]
 [0 2 0 0]
 [0 0 1 0]
 [0 0 0 0]][[0 0 0]
 [0 0 0]
 [0 0 0]][[0 0 0]
 [0 0 0]
 [0 0 0]][[2 0]
 [0 2]][[1]][[1]][[0 0 0]
 [0 1 0]
 [0 0 1]][[1]][[1]][[1 0]
 [0 3]][[0]][[0]][[1 0]
 [0 1]][[1]][[1]][[0 0 0]
 [0 1 0]
 [0 0 1]][[0 0]
 [0 0]][[0 0]
 [0 0]][[2 0]
 [0 2]][[0 0]
 [0 2]][[0 0]
 [0 2]][[2 0 0]
 [0 3 0]
 [0 0 1]][[2 0 0]
 [0 0 0]
 [0 0 1]][[2 0 0]
 [0 0 0]
 [0 0 1]][[1 0]
 [0 1]][[1]][[1]][[1 0 0 0]
 [0 2 0 0]
 [0 0 1 0]
 [0 0 0 1]][[1 0]
 [0 1]][[1 0]
 [0 1]][[1 0]
 [0 2]][[1]][[1]][[2 0]
 [0 1]][[1]][[1]][[4 0]
 [0 0]][[0]][[0]][[1 0]
 [0 1]][[1]][[1]][[1 0 0]
 [0 1 0]
 [0 0 1]][[0 0]
 [0 1]][[0 0]
 [0 1]][[2]][[1]][[1]][[2 0 0]
 [0 3 0]
 [0 0 2]][[0 0 0]
 [0 1 0]
 [0 0 2]][[0 0 0]
 [0 1 0]
 [0 0 2]][[1 0]
 [0 1]][[1]][[1]][[4]][[2]][[2]][[1 0 0]
 [0 1 0]
 [0 0 1]][[1]][[1]][[1 0 0]
 [0 1 0]
 [0 0 1]][[1]][[1]][[2 0 0]
 [0 1 0]
 [0 0 1]][[1 0]
 [0 2]][[1 0]
 [0 2]][[1 0]
 [0 1]][[1]][[1]][[0 0 0]
 [0 2 0]
 [0 0 1]][[0 0]
 [0 2]][[0 0]
 [0 2]][[2 0 0]
 [0 1 0]
 [0 0 1]][[1]][[1]][[1 0]
 [0 1]][[1]][[1]][[1 0]
 [0 3]][[1]][[1]][[1 0]
 [0 1]][[1]][[1]][[2 0]
 [0 3]][[0 0]
 [0 0]][[0 0]
 [0 0]][[1 0 0]
 [0 1 0]
 [0 0 1]][[1]][[1]][[1 0 0]
 [0 3 0]
 [0 0 2]][[1 0]
 [0 1]][[1 0]
 [0 1]][[2 0 0]
 [0 2 0]
 [0 0 1]][[1]][[1]][[1 0]
 [0 1]][[1]][[1]][[2 0 0]
 [0 1 0]
 [0 0 1]][[1]][[1]][[2 0 0]
 [0 1 0]
 [0 0 1]][[1]][[1]][[2 0 0]
 [0 2 0]
 [0 0 1]][[1]][[1]][[1 0 0]
 [0 1 0]
 [0 0 1]][[1]][[1]][[1 0]
 [0 1]][[1]][[1]][[1 0]
 [0 1]][[1]][[1]][[1 0 0]
 [0 1 0]
 [0 0 1]][[0 0 0]
 [0 0 0]
 [0 0 1]][[0 0 0]
 [0 0 0]
 [0 0 1]][[1 0]
 [0 1]][[1]][[1]][[5 0]
 [0 0]][[0]][[0]][[1 0]
 [0 2]][[1]][[1]][[3 0]
 [0 0]][[0]][[0]][[2 0]
 [0 2]][[1]][[1]][[1 0 0 0]
 [0 1 0 0]
 [0 0 1 0]
 [0 0 0 2]][[1]][[1]][[1 0]
 [0 0]][[0]][[0]][[1 0 0]
 [0 0 0]
 [0 0 0]][[0]][[0]][[1 0]
 [0 1]][[1]][[1]][[3 0 0]
 [0 2 0]
 [0 0 1]][[1]][[1]][[1 0]
 [0 1]][[1]][[1]][[3 0]
 [0 4]][[3]][[3]][[0 0 0 0]
 [0 1 0 0]
 [0 0 0 0]
 [0 0 0 2]][[1]][[1]][[1 0]
 [0 1]][[1]][[1]][[0 0 0 0]
 [0 4 0 0]
 [0 0 3 0]
 [0 0 0 0]][[0]][[0]][[1 0]
 [0 1]][[1]][[1]][[1 0 0]
 [0 1 0]
 [0 0 1]][[1]][[1]][[2]][[0]][[0]][[11]][[3]][[3]][[1 0 0]
 [0 1 0]
 [0 0 1]][[1]][[1]][[1 0]
 [0 0]][[0]][[0]][[1 0]
 [0 1]][[1]][[1]][[1 0 0 0]
 [0 2 0 0]
 [0 0 1 0]
 [0 0 0 3]][[1 0 0]
 [0 3 0]
 [0 0 1]][[1 0 0]
 [0 3 0]
 [0 0 1]][[1 0]
 [0 1]][[1]][[1]][[2 0]
 [0 1]][[2]][[2]][[1 0 0]
 [0 1 0]
 [0 0 1]][[1 0]
 [0 1]][[1 0]
 [0 1]][[1 0]
 [0 3]][[0]][[0]][[1 0]
 [0 1]][[1]][[1]][[1 0]
 [0 1]][[1]][[1]][[1 0 0 0]
 [0 1 0 0]
 [0 0 1 0]
 [0 0 0 1]][[0 0]
 [0 1]][[0 0]
 [0 1]][[2 0 0]
 [0 1 0]
 [0 0 1]][[1]][[1]][[1 0]
 [0 1]][[1]][[1]][[1 0 0]
 [0 1 0]
 [0 0 1]][[1]][[1]][[1 0]
 [0 1]][[1]][[1]][[1 0]
 [0 1]][[1]][[1]][[1 0]
 [0 1]][[1]][[1]][[3 0 0 0]
 [0 1 0 0]
 [0 0 1 0]
 [0 0 0 1]][[1]][[1]][[2 0 0]
 [0 1 0]
 [0 0 1]][[1]][[1]][[1 0 0]
 [0 3 0]
 [0 0 2]][[0 0 0]
 [0 0 0]
 [0 0 0]][[0 0 0]
 [0 0 0]
 [0 0 0]][[1 0 0]
 [0 1 0]
 [0 0 2]][[1]][[1]][[1 0 0]
 [0 5 0]
 [0 0 0]][[0 0]
 [0 0]][[0 0]
 [0 0]][[1 0 0]
 [0 2 0]
 [0 0 2]][[0 0 0]
 [0 1 0]
 [0 0 0]][[0 0 0]
 [0 1 0]
 [0 0 0]][[1 0 0 0]
 [0 1 0 0]
 [0 0 2 0]
 [0 0 0 1]][[0 0]
 [0 1]][[0 0]
 [0 1]][[1 0]
 [0 1]][[1]][[1]][[2 0 0 0]
 [0 2 0 0]
 [0 0 1 0]
 [0 0 0 3]][[0 0 0]
 [0 0 0]
 [0 0 1]][[0 0 0]
 [0 0 0]
 [0 0 1]][[1 0 0]
 [0 1 0]
 [0 0 0]][[0]][[0]][[2 0 0]
 [0 0 0]
 [0 0 0]][[0]][[0]][[1 0 0]
 [0 1 0]
 [0 0 2]][[0]][[0]][[1 0 0]
 [0 3 0]
 [0 0 1]][[2]][[2]][[1 0]
 [0 1]][[1]][[1]][[1 0 0]
 [0 1 0]
 [0 0 1]][[1]][[1]][[1 0]
 [0 1]][[1]][[1]][[2]][[1]][[1]][[2 0 0]
 [0 2 0]
 [0 0 1]][[1]][[1]][[3 0]
 [0 1]][[1]][[1]][[2 0 0 0]
 [0 1 0 0]
 [0 0 2 0]
 [0 0 0 1]][[0 0]
 [0 1]][[0 0]
 [0 1]][[1 0]
 [0 2]][[1]][[1]][[1 0 0]
 [0 2 0]
 [0 0 1]][[1]][[1]][[1 0 0 0]
 [0 1 0 0]
 [0 0 2 0]
 [0 0 0 2]][[1]][[1]][[2 0]
 [0 1]][[1]][[1]][[0 0 0 0]
 [0 1 0 0]
 [0 0 2 0]
 [0 0 0 1]][[1]][[1]][[3]][[0]][[0]][[2]][[1]][[1]][[1 0 0]
 [0 2 0]
 [0 0 3]][[0]][[0]][[0 0 0]
 [0 0 0]
 [0 0 3]][[1]][[1]][[1 0 0]
 [0 2 0]
 [0 0 1]][[1]][[1]][[1 0]
 [0 3]][[1 0]
 [0 0]][[1 0]
 [0 0]][[2]][[1]][[1]][[0 0]
 [0 2]][[1]][[1]][[2]][[1]][[1]][[2]][[1]][[1]][[1 0]
 [0 2]][[1]][[1]][[2]][[1]][[1]][[3 0]
 [0 1]][[1]][[1]][[1 0 0]
 [0 2 0]
 [0 0 1]][[1]][[1]][[1 0 0]
 [0 0 0]
 [0 0 2]][[1]][[1]][[2 0 0 0]
 [0 2 0 0]
 [0 0 2 0]
 [0 0 0 0]][[1]][[1]][[2]][[1]][[1]][[1 0]
 [0 1]][[0 0]
 [0 0]][[0 0]
 [0 0]][[1 0]
 [0 3]][[0]][[0]][[0 0]
 [0 2]][[1]][[1]][[1 0]
 [0 5]][[2]][[2]][[1 0 0]
 [0 1 0]
 [0 0 2]][[1]][[1]][[2 0]
 [0 1]][[1]][[1]][[2]][[1]][[1]][[2]][[1]][[1]][[1 0 0]
 [0 2 0]
 [0 0 2]][[0]][[0]][[3]][[1]][[1]][[0 0 0]
 [0 1 0]
 [0 0 0]][[0]][[0]][[1 0]
 [0 2]][[1]][[1]][[2 0]
 [0 0]][[1]][[1]][[0 0 0]
 [0 0 0]
 [0 0 2]][[1]][[1]][[2 0]
 [0 3]][[1]][[1]][[3]][[1]][[1]][[3]][[1]][[1]][[2]][[1]][[1]][[5]][[1]][[1]][[2 0 0]
 [0 0 0]
 [0 0 3]][[1]][[1]][[3]][[1]][[1]][[1 0]
 [0 2]][[1]][[1]][[0 0 0]
 [0 2 0]
 [0 0 4]][[1]][[1]][[1 0 0]
 [0 1 0]
 [0 0 1]][[0 0]
 [0 1]][[0 0]
 [0 1]][[0 0 0]
 [0 2 0]
 [0 0 1]][[1]][[1]][[1 0]
 [0 1]][[1]][[1]][[2 0 0]
 [0 1 0]
 [0 0 0]][[1 0]
 [0 0]][[1 0]
 [0 0]][[0 0 0 0]
 [0 3 0 0]
 [0 0 3 0]
 [0 0 0 1]][[1]][[1]][[1 0 0]
 [0 1 0]
 [0 0 1]][[1]][[1]][[0 0 0]
 [0 1 0]
 [0 0 3]][[1]][[1]][[1 0]
 [0 1]][[1]][[1]][[0 0 0 0]
 [0 1 0 0]
 [0 0 2 0]
 [0 0 0 0]][[1]][[1]][[2 0]
 [0 1]][[1]][[1]][[2 0]
 [0 1]][[1]][[1]][[0 0 0]
 [0 2 0]
 [0 0 2]][[1]][[1]][[1 0 0]
 [0 2 0]
 [0 0 1]][[1 0]
 [0 0]][[1 0]
 [0 0]][[1 0 0]
 [0 1 0]
 [0 0 1]][[1]][[1]][[1 0]
 [0 1]][[1]][[1]][[2 0]
 [0 1]][[1]][[1]][[2 0]
 [0 1]][[1]][[1]][[1 0]
 [0 1]][[1]][[1]][[1 0 0]
 [0 1 0]
 [0 0 1]][[1]][[1]][[2 0]
 [0 1]][[1]][[1]][[3 0]
 [0 2]][[1]][[1]][[1 0 0]
 [0 1 0]
 [0 0 1]][[1]][[1]][[2 0]
 [0 2]][[1]][[1]][[2 0]
 [0 1]][[1]][[1]][[2 0]
 [0 1]][[1]][[1]][[2 0]
 [0 1]][[1]][[1]][[2 0]
 [0 1]][[1]][[1]][[2 0]
 [0 1]][[1]][[1]][[2 0 0]
 [0 1 0]
 [0 0 1]][[1]][[1]][[1 0 0]
 [0 1 0]
 [0 0 2]][[2]][[2]][[1 0 0]
 [0 1 0]
 [0 0 1]][[1]][[1]][[0 0 0 0]
 [0 1 0 0]
 [0 0 1 0]
 [0 0 0 1]][[1]][[1]][[2]][[1]][[1]][[494   0]
 [  0 576]][[666]][[666]][[1 0]
 [0 1]][[1]][[1]][[1 0]
 [0 1]][[1]][[1]][[1 0]
 [0 4]][[4]][[4]][[1 0]
 [0 1]][[1]][[1]][[1 0]
 [0 1]][[1]][[1]][[2 0]
 [0 2]][[3]][[3]][[1 0]
 [0 1]][[1]][[1]][[1 0]
 [0 2]][[2]][[2]][[1 0]
 [0 1]][[1]][[1]][[1 0]
 [0 1]][[1]][[1]][[1 0]
 [0 1]][[1]][[1]][[1 0]
 [0 1]][[1]][[1]][[1 0]
 [0 1]][[1]][[1]][[1 0]
 [0 1]][[1]][[1]][[1 0]
 [0 1]][[1]][[1]][[2 0]
 [0 1]][[2]][[2]][[1 0]
 [0 2]][[2]][[2]][[2 0]
 [0 2]][[4]][[4]][[1 0]
 [0 1]][[1]][[1]][[4 0]
 [0 2]][[8]][[8]][[1 0]
 [0 1]][[1]][[1]][[1 0]
 [0 6]][[6]][[6]][[1 0]
 [0 1]][[1]][[1]][[1 0]
 [0 2]][[2]][[2]][[1 0]
 [0 1]][[1]][[1]][[1 0]
 [0 3]][[3]][[3]][[1 0]
 [0 2]][[2]][[2]][[1 0]
 [0 2]][[2]][[2]][[1 0]
 [0 1]][[1]][[1]][[1 0]
 [0 3]][[3]][[3]][[1 0]
 [0 1]][[1]][[1]][[1 0]
 [0 1]][[1]][[1]][[1 0]
 [0 1]][[1]][[1]][[1 0]
 [0 1]][[1]][[1]][[1 0]
 [0 2]][[2]][[2]][[2 0]
 [0 4]][[8]][[8]][[1 0]
 [0 1]][[1]][[1]][[1 0]
 [0 2]][[2]][[2]][[1 0]
 [0 1]][[1]][[1]][[1 0]
 [0 1]][[1]][[1]][[2 0]
 [0 1]][[2]][[2]][[1 0]
 [0 1]][[1]][[1]][[2 0]
 [0 2]][[4]][[4]][[1 0]
 [0 2]][[2]][[2]][[1 0]
 [0 1]][[1]][[1]][[1 0]
 [0 1]][[1]][[1]][[1 0]
 [0 2]][[2]][[2]][[1 0]
 [0 1]][[1]][[1]][[1 0]
 [0 1]][[1]][[1]][[1 0]
 [0 1]][[1]][[1]][[1 0]
 [0 1]][[1]][[1]][[1 0]
 [0 4]][[4]][[4]][[1 0]
 [0 1]][[1]][[1]][[1 0]
 [0 1]][[1]][[1]][[1 0]
 [0 1]][[1]][[1]][[1 0]
 [0 1]][[1]][[1]][[1 0]
 [0 1]][[1]][[1]][[1 0]
 [0 2]][[2]][[2]][[1 0]
 [0 1]][[1]][[1]][[1 0]
 [0 1]][[1]][[1]][[1 0]
 [0 1]][[1]][[1]][[1 0]
 [0 3]][[3]][[3]][[1 0]
 [0 1]][[1]][[1]][[1 0]
 [0 1]][[1]][[1]][[1 0]
 [0 1]][[1]][[1]][[3 0]
 [0 2]][[6]][[6]][[1 0]
 [0 1]][[1]][[1]][[1 0]
 [0 1]][[1]][[1]][[1 0]
 [0 1]][[1]][[1]][[1 0]
 [0 1]][[1]][[1]][[2 0]
 [0 2]][[4]][[4]][[1 0]
 [0 1]][[1]][[1]][[1 0]
 [0 1]][[1]][[1]][[1 0]
 [0 1]][[1]][[1]][[1 0]
 [0 2]][[2]][[2]][[1 0]
 [0 1]][[1]][[1]][[1 0]
 [0 2]][[2]][[2]][[1 0]
 [0 1]][[1]][[1]][[1 0]
 [0 2]][[2]][[2]][[1 0]
 [0 1]][[1]][[1]][[1 0]
 [0 3]][[3]][[3]][[1 0]
 [0 2]][[2]][[2]][[1 0]
 [0 1]][[1]][[1]][[1 0]
 [0 1]][[1]][[1]][[1 0]
 [0 1]][[1]][[1]][[1 0]
 [0 2]][[2]][[2]][[1 0]
 [0 1]][[1]][[1]][[1 0]
 [0 1]][[1]][[1]][[1 0]
 [0 1]][[1]][[1]][[1 0]
 [0 1]][[1]][[1]][[1 0]
 [0 1]][[1]][[1]][[1 0]
 [0 1]][[1]][[1]][[2 0]
 [0 2]][[4]][[4]][[1 0]
 [0 2]][[2]][[2]][[1 0]
 [0 1]][[1]][[1]][[1 0]
 [0 1]][[1]][[1]][[1 0]
 [0 1]][[1]][[1]][[1 0]
 [0 1]][[1]][[1]][[1 0]
 [0 2]][[2]][[2]][[1 0]
 [0 2]][[2]][[2]][[1 0]
 [0 1]][[1]][[1]][[1 0]
 [0 1]][[1]][[1]][[2 0]
 [0 1]][[2]][[2]][[1 0]
 [0 1]][[1]][[1]][[1 0]
 [0 2]][[2]][[2]][[1 0]
 [0 1]][[1]][[1]][[1 0]
 [0 1]][[1]][[1]][[1 0]
 [0 1]][[1]][[1]][[1 0]
 [0 1]][[1]][[1]][[1 0]
 [0 1]][[1]][[1]][[1 0]
 [0 1]][[1]][[1]][[2 0]
 [0 1]][[2]][[2]][[1 0]
 [0 1]][[1]][[1]][[1 0]
 [0 2]][[2]][[2]][[2 0]
 [0 1]][[2]][[2]][[1 0]
 [0 1]][[1]][[1]][[1 0]
 [0 3]][[3]][[3]][[4 0]
 [0 2]][[5]][[5]][[1 0]
 [0 1]][[1]][[1]][[1 0]
 [0 1]][[1]][[1]][[1 0]
 [0 1]][[1]][[1]][[1 0]
 [0 1]][[1]][[1]][[1 0]
 [0 1]][[1]][[1]][[1 0]
 [0 2]][[2]][[2]][[2 0]
 [0 1]][[2]][[2]][[1 0]
 [0 1]][[1]][[1]][[1 0]
 [0 1]][[1]][[1]][[1 0]
 [0 1]][[1]][[1]][[2 0]
 [0 8]][[16]][[16]][[1 0]
 [0 1]][[1]][[1]][[1 0]
 [0 2]][[2]][[2]][[1 0]
 [0 1]][[1]][[1]][[1 0]
 [0 2]][[2]][[2]][[1 0]
 [0 2]][[2]][[2]][[1 0]
 [0 1]][[1]][[1]][[1 0]
 [0 1]][[1]][[1]][[1 0]
 [0 1]][[1]][[1]][[1 0]
 [0 1]][[1]][[1]][[1 0]
 [0 1]][[1]][[1]][[1 0]
 [0 1]][[1]][[1]][[1 0]
 [0 2]][[2]][[2]][[1 0]
 [0 1]][[1]][[1]][[1 0]
 [0 1]][[1]][[1]][[1 0]
 [0 1]][[1]][[1]][[2 0]
 [0 1]][[2]][[2]][[1 0]
 [0 1]][[1]][[1]][[1 0]
 [0 1]][[1]][[1]][[1 0]
 [0 1]][[1]][[1]][[1 0]
 [0 1]][[1]][[1]][[1 0]
 [0 1]][[1]][[1]][[1 0]
 [0 1]][[1]][[1]][[1 0]
 [0 1]][[1]][[1]][[1 0]
 [0 2]][[2]][[2]][[1 0]
 [0 2]][[2]][[2]][[2 0]
 [0 1]][[2]][[2]][[1 0]
 [0 1]][[1]][[1]][[2 0]
 [0 3]][[5]][[5]][[1 0]
 [0 1]][[1]][[1]][[1 0]
 [0 1]][[1]][[1]][[1 0]
 [0 1]][[1]][[1]][[1 0]
 [0 2]][[2]][[2]][[1 0]
 [0 1]][[1]][[1]][[1 0]
 [0 1]][[1]][[1]][[1 0]
 [0 2]][[2]][[2]][[1 0]
 [0 1]][[1]][[1]][[1 0]
 [0 1]][[1]][[1]][[1 0]
 [0 1]][[1]][[1]][[1 0]
 [0 1]][[1]][[1]][[1 0]
 [0 1]][[1]][[1]][[1 0]
 [0 1]][[1]][[1]][[1 0]
 [0 1]][[1]][[1]][[2 0]
 [0 1]][[2]][[2]][[2 0]
 [0 2]][[2]][[2]][[1 0]
 [0 1]][[1]][[1]][[1 0]
 [0 2]][[2]][[2]][[1 0]
 [0 1]][[1]][[1]][[2 0]
 [0 1]][[2]][[2]][[1 0]
 [0 1]][[1]][[1]][[1 0]
 [0 1]][[1]][[1]][[1 0]
 [0 2]][[2]][[2]][[1 0]
 [0 1]][[1]][[1]][[1 0]
 [0 1]][[1]][[1]][[1 0]
 [0 1]][[1]][[1]][[1 0]
 [0 1]][[1]][[1]][[1 0]
 [0 1]][[1]][[1]][[2 0]
 [0 2]][[2]][[2]][[1 0]
 [0 2]][[2]][[2]][[1 0]
 [0 2]][[2]][[2]][[1 0]
 [0 2]][[2]][[2]][[1 0]
 [0 1]][[1]][[1]][[1 0]
 [0 1]][[1]][[1]][[1 0]
 [0 1]][[1]][[1]][[1 0]
 [0 1]][[1]][[1]][[1 0]
 [0 1]][[1]][[1]][[1 0]
 [0 1]][[1]][[1]][[1 0]
 [0 2]][[2]][[2]][[1 0]
 [0 1]][[1]][[1]][[1 0]
 [0 1]][[1]][[1]][[1 0]
 [0 2]][[2]][[2]][[1 0]
 [0 1]][[1]][[1]][[3 0]
 [0 1]][[3]][[3]][[1 0]
 [0 1]][[1]][[1]][[1 0]
 [0 1]][[1]][[1]][[1 0]
 [0 1]][[1]][[1]][[1 0]
 [0 1]][[1]][[1]][[1 0]
 [0 1]][[1]][[1]][[1 0]
 [0 1]][[1]][[1]][[1 0]
 [0 1]][[1]][[1]][[1 0]
 [0 1]][[1]][[1]][[1 0]
 [0 1]][[1]][[1]][[1 0]
 [0 1]][[1]][[1]][[1 0]
 [0 1]][[1]][[1]][[1 0]
 [0 1]][[1]][[1]][[1 0]
 [0 2]][[2]][[2]][[1 0]
 [0 1]][[1]][[1]][[1 0]
 [0 2]][[2]][[2]][[1 0]
 [0 1]][[1]][[1]][[3 0]
 [0 1]][[3]][[3]][[1 0]
 [0 1]][[1]][[1]][[1 0]
 [0 1]][[1]][[1]][[1 0]
 [0 1]][[1]][[1]][[1 0]
 [0 2]][[2]][[2]][[1 0]
 [0 1]][[1]][[1]][[1 0]
 [0 1]][[1]][[1]][[1 0]
 [0 2]][[2]][[2]][[1 0]
 [0 1]][[1]][[1]][[1 0]
 [0 1]][[1]][[1]][[1 0]
 [0 1]][[1]][[1]][[1 0]
 [0 1]][[1]][[1]][[1 0]
 [0 1]][[1]][[1]][[1 0]
 [0 1]][[1]][[1]][[1 0]
 [0 1]][[1]][[1]][[1 0]
 [0 1]][[1]][[1]][[2 0]
 [0 1]][[2]][[2]][[1 0]
 [0 1]][[1]][[1]][[1 0]
 [0 1]][[1]][[1]][[1 0]
 [0 1]][[1]][[1]][[1 0]
 [0 1]][[1]][[1]][[1 0]
 [0 1]][[1]][[1]][[2 0]
 [0 1]][[2]][[2]][[1 0]
 [0 1]][[1]][[1]][[1 0]
 [0 1]][[1]][[1]][[2 0]
 [0 1]][[2]][[2]][[1 0]
 [0 1]][[1]][[1]][[1 0]
 [0 2]][[2]][[2]][[1 0]
 [0 1]][[1]][[1]][[2 0]
 [0 1]][[2]][[2]][[1 0]
 [0 2]][[2]][[2]][[1 0]
 [0 1]][[1]][[1]][[1 0]
 [0 1]][[1]][[1]][[2 0]
 [0 1]][[2]][[2]][[1 0]
 [0 1]][[1]][[1]][[1 0]
 [0 4]][[4]][[4]][[1 0]
 [0 1]][[1]][[1]][[1 0]
 [0 1]][[1]][[1]][[1 0]
 [0 1]][[1]][[1]][[1 0]
 [0 1]][[1]][[1]][[1 0]
 [0 1]][[1]][[1]][[1 0]
 [0 2]][[2]][[2]][[1 0]
 [0 1]][[1]][[1]][[1 0]
 [0 1]][[1]][[1]][[1 0]
 [0 1]][[1]][[1]][[1 0]
 [0 1]][[1]][[1]][[1 0]
 [0 1]][[1]][[1]][[1 0]
 [0 1]][[1]][[1]][[1 0]
 [0 1]][[1]][[1]][[2 0]
 [0 2]][[3]][[3]][[1 0]
 [0 1]][[1]][[1]][[1 0]
 [0 1]][[1]][[1]][[1 0]
 [0 1]][[1]][[1]][[1 0]
 [0 1]][[1]][[1]][[1 0]
 [0 1]][[1]][[1]][[1 0]
 [0 1]][[1]][[1]][[1 0]
 [0 1]][[1]][[1]][[1 0]
 [0 1]][[1]][[1]][[1 0]
 [0 1]][[1]][[1]][[1 0]
 [0 1]][[1]][[1]][[1 0]
 [0 1]][[1]][[1]][[2 0]
 [0 1]][[2]][[2]][[1 0]
 [0 1]][[1]][[1]][[1 0]
 [0 1]][[1]][[1]][[1 0]
 [0 1]][[1]][[1]][[2 0]
 [0 1]][[2]][[2]][[1 0]
 [0 1]][[1]][[1]][[1 0]
 [0 1]][[1]][[1]][[1 0]
 [0 1]][[1]][[1]][[1 0]
 [0 1]][[1]][[1]][[1 0]
 [0 1]][[1]][[1]][[3 0]
 [0 1]][[3]][[3]][[1 0]
 [0 1]][[1]][[1]][[1 0]
 [0 1]][[1]][[1]][[1 0]
 [0 1]][[1]][[1]][[1 0]
 [0 2]][[2]][[2]][[2 0]
 [0 1]][[2]][[2]][[1 0]
 [0 1]][[1]][[1]][[1 0]
 [0 1]][[1]][[1]][[1 0]
 [0 1]][[1]][[1]][[1 0]
 [0 1]][[1]][[1]][[1 0]
 [0 1]][[1]][[1]][[1 0]
 [0 1]][[1]][[1]][[1 0]
 [0 1]][[1]][[1]][[1 0]
 [0 1]][[1]][[1]][[1 0]
 [0 2]][[2]][[2]][[2 0]
 [0 1]][[2]][[2]][[2 0]
 [0 1]][[2]][[2]][[1 0]
 [0 1]][[1]][[1]][[1 0]
 [0 1]][[1]][[1]][[2 0]
 [0 3]][[3]][[3]][[1 0]
 [0 1]][[1]][[1]][[1 0]
 [0 1]][[1]][[1]][[1 0]
 [0 1]][[1]][[1]][[1 0]
 [0 1]][[1]][[1]][[1 0]
 [0 2]][[2]][[2]][[1 0]
 [0 1]][[1]][[1]][[2 0]
 [0 5]][[10]][[10]][[1 0]
 [0 1]][[1]][[1]][[1 0]
 [0 1]][[1]][[1]][[1 0]
 [0 1]][[1]][[1]][[1 0]
 [0 2]][[2]][[2]][[3 0]
 [0 1]][[3]][[3]][[1 0]
 [0 1]][[1]][[1]][[1 0]
 [0 1]][[1]][[1]][[1 0]
 [0 1]][[1]][[1]][[1 0]
 [0 2]][[2]][[2]][[1 0]
 [0 2]][[2]][[2]][[1 0]
 [0 1]][[1]][[1]][[1 0]
 [0 1]][[1]][[1]][[1 0]
 [0 1]][[1]][[1]][[1 0]
 [0 2]][[2]][[2]][[1 0]
 [0 1]][[1]][[1]][[1 0]
 [0 1]][[1]][[1]][[1 0]
 [0 1]][[1]][[1]][[1 0]
 [0 1]][[1]][[1]][[1 0]
 [0 4]][[4]][[4]][[1 0]
 [0 1]][[1]][[1]][[1 0]
 [0 2]][[2]][[2]][[1 0]
 [0 3]][[3]][[3]][[1 0]
 [0 1]][[1]][[1]][[2 0]
 [0 1]][[2]][[2]][[2 0]
 [0 1]][[2]][[2]][[1 0]
 [0 1]][[1]][[1]][[1 0]
 [0 2]][[2]][[2]][[2 0]
 [0 1]][[2]][[2]][[1 0]
 [0 1]][[1]][[1]][[1 0]
 [0 1]][[1]][[1]][[2 0]
 [0 1]][[2]][[2]][[1 0]
 [0 1]][[1]][[1]][[1 0]
 [0 1]][[1]][[1]][[1 0]
 [0 1]][[1]][[1]][[1 0]
 [0 1]][[1]][[1]][[1 0]
 [0 1]][[1]][[1]][[1 0]
 [0 1]][[1]][[1]][[2 0]
 [0 1]][[2]][[2]][[1 0]
 [0 1]][[1]][[1]][[1 0]
 [0 1]][[1]][[1]][[1 0]
 [0 1]][[1]][[1]][[1 0]
 [0 1]][[1]][[1]][[1 0]
 [0 1]][[1]][[1]][[1 0]
 [0 1]][[1]][[1]][[2 0]
 [0 1]][[2]][[2]][[1 0]
 [0 1]][[1]][[1]][[1 0]
 [0 1]][[1]][[1]][[1 0]
 [0 1]][[1]][[1]][[1 0]
 [0 1]][[1]][[1]][[1 0]
 [0 1]][[1]][[1]][[1 0]
 [0 1]][[1]][[1]][[1 0]
 [0 1]][[1]][[1]][[1 0]
 [0 1]][[1]][[1]][[2 0]
 [0 1]][[2]][[2]][[1 0]
 [0 1]][[1]][[1]][[1 0]
 [0 1]][[1]][[1]][[1 0]
 [0 1]][[1]][[1]][[1 0]
 [0 1]][[1]][[1]][[1 0]
 [0 1]][[1]][[1]][[ 1  0]
 [ 0 12]][[12]][[12]][[1 0]
 [0 2]][[2]][[2]][[2 0]
 [0 1]][[2]][[2]][[1 0]
 [0 1]][[1]][[1]][[1 0]
 [0 1]][[1]][[1]][[1 0]
 [0 1]][[1]][[1]][[1 0]
 [0 6]][[6]][[6]][[1 0]
 [0 2]][[2]][[2]][[3 0]
 [0 2]][[6]][[6]][[2 0]
 [0 2]][[4]][[4]][[1 0]
 [0 1]][[1]][[1]][[1 0]
 [0 1]][[1]][[1]][[1 0]
 [0 1]][[1]][[1]][[1 0]
 [0 1]][[1]][[1]][[1 0]
 [0 1]][[1]][[1]][[1 0]
 [0 1]][[1]][[1]][[1 0]
 [0 1]][[1]][[1]][[1 0]
 [0 1]][[1]][[1]][[1 0]
 [0 1]][[1]][[1]][[2 0]
 [0 3]][[3]][[3]][[1 0]
 [0 1]][[1]][[1]][[2 0]
 [0 2]][[4]][[4]][[1 0]
 [0 1]][[1]][[1]][[1 0]
 [0 5]][[5]][[5]][[1 0]
 [0 2]][[2]][[2]][[2 0]
 [0 5]][[5]][[5]][[2 0]
 [0 1]][[2]][[2]][[1 0]
 [0 1]][[1]][[1]][[1 0]
 [0 1]][[1]][[1]][[1 0]
 [0 2]][[2]][[2]][[1 0]
 [0 2]][[2]][[2]][[1 0]
 [0 1]][[1]][[1]][[2 0]
 [0 1]][[2]][[2]][[1 0]
 [0 1]][[1]][[1]][[1 0]
 [0 1]][[1]][[1]][[1 0]
 [0 1]][[1]][[1]][[1 0]
 [0 1]][[1]][[1]][[1 0]
 [0 1]][[1]][[1]][[2 0]
 [0 1]][[2]][[2]][[1 0]
 [0 1]][[1]][[1]][[1 0]
 [0 1]][[1]][[1]][[1 0]
 [0 2]][[2]][[2]][[1 0]
 [0 2]][[2]][[2]][[2 0]
 [0 1]][[2]][[2]][[1 0]
 [0 2]][[2]][[2]][[1 0]
 [0 1]][[1]][[1]][[1 0]
 [0 1]][[1]][[1]][[1 0]
 [0 1]][[1]][[1]][[1 0]
 [0 1]][[1]][[1]][[1 0]
 [0 2]][[2]][[2]][[1 0]
 [0 1]][[1]][[1]][[1 0]
 [0 1]][[1]][[1]][[1 0]
 [0 2]][[2]][[2]][[494   0]
 [  0 576]][[666]][[666]][[1 0]
 [0 1]][[1]][[1]][[1 0]
 [0 1]][[1]][[1]][[1 0]
 [0 4]][[4]][[4]][[1 0]
 [0 1]][[1]][[1]][[1 0]
 [0 1]][[1]][[1]][[2 0]
 [0 2]][[3]][[3]][[1 0]
 [0 1]][[1]][[1]][[1 0]
 [0 2]][[2]][[2]][[1 0]
 [0 1]][[1]][[1]][[1 0]
 [0 1]][[1]][[1]][[1 0]
 [0 1]][[1]][[1]][[1 0]
 [0 1]][[1]][[1]][[1 0]
 [0 1]][[1]][[1]][[1 0]
 [0 1]][[1]][[1]][[1 0]
 [0 1]][[1]][[1]][[2 0]
 [0 1]][[2]][[2]][[1 0]
 [0 2]][[2]][[2]][[2 0]
 [0 2]][[4]][[4]][[1 0]
 [0 1]][[1]][[1]][[4 0]
 [0 2]][[8]][[8]][[1 0]
 [0 1]][[1]][[1]][[1 0]
 [0 6]][[6]][[6]][[1 0]
 [0 1]][[1]][[1]][[1 0]
 [0 2]][[2]][[2]][[1 0]
 [0 1]][[1]][[1]][[1 0]
 [0 3]][[3]][[3]][[1 0]
 [0 2]][[2]][[2]][[1 0]
 [0 2]][[2]][[2]][[1 0]
 [0 1]][[1]][[1]][[1 0]
 [0 3]][[3]][[3]][[1 0]
 [0 1]][[1]][[1]][[1 0]
 [0 1]][[1]][[1]][[1 0]
 [0 1]][[1]][[1]][[1 0]
 [0 1]][[1]][[1]][[1 0]
 [0 2]][[2]][[2]][[2 0]
 [0 4]][[8]][[8]][[1 0]
 [0 1]][[1]][[1]][[1 0]
 [0 2]][[2]][[2]][[1 0]
 [0 1]][[1]][[1]][[1 0]
 [0 1]][[1]][[1]][[2 0]
 [0 1]][[2]][[2]][[1 0]
 [0 1]][[1]][[1]][[2 0]
 [0 2]][[4]][[4]][[1 0]
 [0 2]][[2]][[2]][[1 0]
 [0 1]][[1]][[1]][[1 0]
 [0 1]][[1]][[1]][[1 0]
 [0 2]][[2]][[2]][[1 0]
 [0 1]][[1]][[1]][[1 0]
 [0 1]][[1]][[1]][[1 0]
 [0 1]][[1]][[1]][[1 0]
 [0 1]][[1]][[1]][[1 0]
 [0 4]][[4]][[4]][[1 0]
 [0 1]][[1]][[1]][[1 0]
 [0 1]][[1]][[1]][[1 0]
 [0 1]][[1]][[1]][[1 0]
 [0 1]][[1]][[1]][[1 0]
 [0 1]][[1]][[1]][[1 0]
 [0 2]][[2]][[2]][[1 0]
 [0 1]][[1]][[1]][[1 0]
 [0 1]][[1]][[1]][[1 0]
 [0 1]][[1]][[1]][[1 0]
 [0 3]][[3]][[3]][[1 0]
 [0 1]][[1]][[1]][[1 0]
 [0 1]][[1]][[1]][[1 0]
 [0 1]][[1]][[1]][[3 0]
 [0 2]][[6]][[6]][[1 0]
 [0 1]][[1]][[1]][[1 0]
 [0 1]][[1]][[1]][[1 0]
 [0 1]][[1]][[1]][[1 0]
 [0 1]][[1]][[1]][[2 0]
 [0 2]][[4]][[4]][[1 0]
 [0 1]][[1]][[1]][[1 0]
 [0 1]][[1]][[1]][[1 0]
 [0 1]][[1]][[1]][[1 0]
 [0 2]][[2]][[2]][[1 0]
 [0 1]][[1]][[1]][[1 0]
 [0 2]][[2]][[2]][[1 0]
 [0 1]][[1]][[1]][[1 0]
 [0 2]][[2]][[2]][[1 0]
 [0 1]][[1]][[1]][[1 0]
 [0 3]][[3]][[3]][[1 0]
 [0 2]][[2]][[2]][[1 0]
 [0 1]][[1]][[1]][[1 0]
 [0 1]][[1]][[1]][[1 0]
 [0 1]][[1]][[1]][[1 0]
 [0 2]][[2]][[2]][[1 0]
 [0 1]][[1]][[1]][[1 0]
 [0 1]][[1]][[1]][[1 0]
 [0 1]][[1]][[1]][[1 0]
 [0 1]][[1]][[1]][[1 0]
 [0 1]][[1]][[1]][[1 0]
 [0 1]][[1]][[1]][[2 0]
 [0 2]][[4]][[4]][[1 0]
 [0 2]][[2]][[2]][[1 0]
 [0 1]][[1]][[1]][[1 0]
 [0 1]][[1]][[1]][[1 0]
 [0 1]][[1]][[1]][[1 0]
 [0 1]][[1]][[1]][[1 0]
 [0 2]][[2]][[2]][[1 0]
 [0 2]][[2]][[2]][[1 0]
 [0 1]][[1]][[1]][[1 0]
 [0 1]][[1]][[1]][[2 0]
 [0 1]][[2]][[2]][[1 0]
 [0 1]][[1]][[1]][[1 0]
 [0 2]][[2]][[2]][[1 0]
 [0 1]][[1]][[1]][[1 0]
 [0 1]][[1]][[1]][[1 0]
 [0 1]][[1]][[1]][[1 0]
 [0 1]][[1]][[1]][[1 0]
 [0 1]][[1]][[1]][[1 0]
 [0 1]][[1]][[1]][[2 0]
 [0 1]][[2]][[2]][[1 0]
 [0 1]][[1]][[1]][[1 0]
 [0 2]][[2]][[2]][[2 0]
 [0 1]][[2]][[2]][[1 0]
 [0 1]][[1]][[1]][[1 0]
 [0 3]][[3]][[3]][[4 0]
 [0 2]][[5]][[5]][[1 0]
 [0 1]][[1]][[1]][[1 0]
 [0 1]][[1]][[1]][[1 0]
 [0 1]][[1]][[1]][[1 0]
 [0 1]][[1]][[1]][[1 0]
 [0 1]][[1]][[1]][[1 0]
 [0 2]][[2]][[2]][[2 0]
 [0 1]][[2]][[2]][[1 0]
 [0 1]][[1]][[1]][[1 0]
 [0 1]][[1]][[1]][[1 0]
 [0 1]][[1]][[1]][[2 0]
 [0 8]][[16]][[16]][[1 0]
 [0 1]][[1]][[1]][[1 0]
 [0 2]][[2]][[2]][[1 0]
 [0 1]][[1]][[1]][[1 0]
 [0 2]][[2]][[2]][[1 0]
 [0 2]][[2]][[2]][[1 0]
 [0 1]][[1]][[1]][[1 0]
 [0 1]][[1]][[1]][[1 0]
 [0 1]][[1]][[1]][[1 0]
 [0 1]][[1]][[1]][[1 0]
 [0 1]][[1]][[1]][[1 0]
 [0 1]][[1]][[1]][[1 0]
 [0 2]][[2]][[2]][[1 0]
 [0 1]][[1]][[1]][[1 0]
 [0 1]][[1]][[1]][[1 0]
 [0 1]][[1]][[1]][[2 0]
 [0 1]][[2]][[2]][[1 0]
 [0 1]][[1]][[1]][[1 0]
 [0 1]][[1]][[1]][[1 0]
 [0 1]][[1]][[1]][[1 0]
 [0 1]][[1]][[1]][[1 0]
 [0 1]][[1]][[1]][[1 0]
 [0 1]][[1]][[1]][[1 0]
 [0 1]][[1]][[1]][[1 0]
 [0 2]][[2]][[2]][[1 0]
 [0 2]][[2]][[2]][[2 0]
 [0 1]][[2]][[2]][[1 0]
 [0 1]][[1]][[1]][[2 0]
 [0 3]][[5]][[5]][[1 0]
 [0 1]][[1]][[1]][[1 0]
 [0 1]][[1]][[1]][[1 0]
 [0 1]][[1]][[1]][[1 0]
 [0 2]][[2]][[2]][[1 0]
 [0 1]][[1]][[1]][[1 0]
 [0 1]][[1]][[1]][[1 0]
 [0 2]][[2]][[2]][[1 0]
 [0 1]][[1]][[1]][[1 0]
 [0 1]][[1]][[1]][[1 0]
 [0 1]][[1]][[1]][[1 0]
 [0 1]][[1]][[1]][[1 0]
 [0 1]][[1]][[1]][[1 0]
 [0 1]][[1]][[1]][[1 0]
 [0 1]][[1]][[1]][[2 0]
 [0 1]][[2]][[2]][[2 0]
 [0 2]][[2]][[2]][[1 0]
 [0 1]][[1]][[1]][[1 0]
 [0 2]][[2]][[2]][[1 0]
 [0 1]][[1]][[1]][[2 0]
 [0 1]][[2]][[2]][[1 0]
 [0 1]][[1]][[1]][[1 0]
 [0 1]][[1]][[1]][[1 0]
 [0 2]][[2]][[2]][[1 0]
 [0 1]][[1]][[1]][[1 0]
 [0 1]][[1]][[1]][[1 0]
 [0 1]][[1]][[1]][[1 0]
 [0 1]][[1]][[1]][[1 0]
 [0 1]][[1]][[1]][[2 0]
 [0 2]][[2]][[2]][[1 0]
 [0 2]][[2]][[2]][[1 0]
 [0 2]][[2]][[2]][[1 0]
 [0 2]][[2]][[2]][[1 0]
 [0 1]][[1]][[1]][[1 0]
 [0 1]][[1]][[1]][[1 0]
 [0 1]][[1]][[1]][[1 0]
 [0 1]][[1]][[1]][[1 0]
 [0 1]][[1]][[1]][[1 0]
 [0 1]][[1]][[1]][[1 0]
 [0 2]][[2]][[2]][[1 0]
 [0 1]][[1]][[1]][[1 0]
 [0 1]][[1]][[1]][[1 0]
 [0 2]][[2]][[2]][[1 0]
 [0 1]][[1]][[1]][[3 0]
 [0 1]][[3]][[3]][[1 0]
 [0 1]][[1]][[1]][[1 0]
 [0 1]][[1]][[1]][[1 0]
 [0 1]][[1]][[1]][[1 0]
 [0 1]][[1]][[1]][[1 0]
 [0 1]][[1]][[1]][[1 0]
 [0 1]][[1]][[1]][[1 0]
 [0 1]][[1]][[1]][[1 0]
 [0 1]][[1]][[1]][[1 0]
 [0 1]][[1]][[1]][[1 0]
 [0 1]][[1]][[1]][[1 0]
 [0 1]][[1]][[1]][[1 0]
 [0 1]][[1]][[1]][[1 0]
 [0 2]][[2]][[2]][[1 0]
 [0 1]][[1]][[1]][[1 0]
 [0 2]][[2]][[2]][[1 0]
 [0 1]][[1]][[1]][[3 0]
 [0 1]][[3]][[3]][[1 0]
 [0 1]][[1]][[1]][[1 0]
 [0 1]][[1]][[1]][[1 0]
 [0 1]][[1]][[1]][[1 0]
 [0 2]][[2]][[2]][[1 0]
 [0 1]][[1]][[1]][[1 0]
 [0 1]][[1]][[1]][[1 0]
 [0 2]][[2]][[2]][[1 0]
 [0 1]][[1]][[1]][[1 0]
 [0 1]][[1]][[1]][[1 0]
 [0 1]][[1]][[1]][[1 0]
 [0 1]][[1]][[1]][[1 0]
 [0 1]][[1]][[1]][[1 0]
 [0 1]][[1]][[1]][[1 0]
 [0 1]][[1]][[1]][[1 0]
 [0 1]][[1]][[1]][[2 0]
 [0 1]][[2]][[2]][[1 0]
 [0 1]][[1]][[1]][[1 0]
 [0 1]][[1]][[1]][[1 0]
 [0 1]][[1]][[1]][[1 0]
 [0 1]][[1]][[1]][[1 0]
 [0 1]][[1]][[1]][[2 0]
 [0 1]][[2]][[2]][[1 0]
 [0 1]][[1]][[1]][[1 0]
 [0 1]][[1]][[1]][[2 0]
 [0 1]][[2]][[2]][[1 0]
 [0 1]][[1]][[1]][[1 0]
 [0 2]][[2]][[2]][[1 0]
 [0 1]][[1]][[1]][[2 0]
 [0 1]][[2]][[2]][[1 0]
 [0 2]][[2]][[2]][[1 0]
 [0 1]][[1]][[1]][[1 0]
 [0 1]][[1]][[1]][[2 0]
 [0 1]][[2]][[2]][[1 0]
 [0 1]][[1]][[1]][[1 0]
 [0 4]][[4]][[4]][[1 0]
 [0 1]][[1]][[1]][[1 0]
 [0 1]][[1]][[1]][[1 0]
 [0 1]][[1]][[1]][[1 0]
 [0 1]][[1]][[1]][[1 0]
 [0 1]][[1]][[1]][[1 0]
 [0 2]][[2]][[2]][[1 0]
 [0 1]][[1]][[1]][[1 0]
 [0 1]][[1]][[1]][[1 0]
 [0 1]][[1]][[1]][[1 0]
 [0 1]][[1]][[1]][[1 0]
 [0 1]][[1]][[1]][[1 0]
 [0 1]][[1]][[1]][[1 0]
 [0 1]][[1]][[1]][[2 0]
 [0 2]][[3]][[3]][[1 0]
 [0 1]][[1]][[1]][[1 0]
 [0 1]][[1]][[1]][[1 0]
 [0 1]][[1]][[1]][[1 0]
 [0 1]][[1]][[1]][[1 0]
 [0 1]][[1]][[1]][[1 0]
 [0 1]][[1]][[1]][[1 0]
 [0 1]][[1]][[1]][[1 0]
 [0 1]][[1]][[1]][[1 0]
 [0 1]][[1]][[1]][[1 0]
 [0 1]][[1]][[1]][[1 0]
 [0 1]][[1]][[1]][[2 0]
 [0 1]][[2]][[2]][[1 0]
 [0 1]][[1]][[1]][[1 0]
 [0 1]][[1]][[1]][[1 0]
 [0 1]][[1]][[1]][[2 0]
 [0 1]][[2]][[2]][[1 0]
 [0 1]][[1]][[1]][[1 0]
 [0 1]][[1]][[1]][[1 0]
 [0 1]][[1]][[1]][[1 0]
 [0 1]][[1]][[1]][[1 0]
 [0 1]][[1]][[1]][[3 0]
 [0 1]][[3]][[3]][[1 0]
 [0 1]][[1]][[1]][[1 0]
 [0 1]][[1]][[1]][[1 0]
 [0 1]][[1]][[1]][[1 0]
 [0 2]][[2]][[2]][[2 0]
 [0 1]][[2]][[2]][[1 0]
 [0 1]][[1]][[1]][[1 0]
 [0 1]][[1]][[1]][[1 0]
 [0 1]][[1]][[1]][[1 0]
 [0 1]][[1]][[1]][[1 0]
 [0 1]][[1]][[1]][[1 0]
 [0 1]][[1]][[1]][[1 0]
 [0 1]][[1]][[1]][[1 0]
 [0 1]][[1]][[1]][[1 0]
 [0 2]][[2]][[2]][[2 0]
 [0 1]][[2]][[2]][[2 0]
 [0 1]][[2]][[2]][[1 0]
 [0 1]][[1]][[1]][[1 0]
 [0 1]][[1]][[1]][[2 0]
 [0 3]][[3]][[3]][[1 0]
 [0 1]][[1]][[1]][[1 0]
 [0 1]][[1]][[1]][[1 0]
 [0 1]][[1]][[1]][[1 0]
 [0 1]][[1]][[1]][[1 0]
 [0 2]][[2]][[2]][[1 0]
 [0 1]][[1]][[1]][[2 0]
 [0 5]][[10]][[10]][[1 0]
 [0 1]][[1]][[1]][[1 0]
 [0 1]][[1]][[1]][[1 0]
 [0 1]][[1]][[1]][[1 0]
 [0 2]][[2]][[2]][[3 0]
 [0 1]][[3]][[3]][[1 0]
 [0 1]][[1]][[1]][[1 0]
 [0 1]][[1]][[1]][[1 0]
 [0 1]][[1]][[1]][[1 0]
 [0 2]][[2]][[2]][[1 0]
 [0 2]][[2]][[2]][[1 0]
 [0 1]][[1]][[1]][[1 0]
 [0 1]][[1]][[1]][[1 0]
 [0 1]][[1]][[1]][[1 0]
 [0 2]][[2]][[2]][[1 0]
 [0 1]][[1]][[1]][[1 0]
 [0 1]][[1]][[1]][[1 0]
 [0 1]][[1]][[1]][[1 0]
 [0 1]][[1]][[1]][[1 0]
 [0 4]][[4]][[4]][[1 0]
 [0 1]][[1]][[1]][[1 0]
 [0 2]][[2]][[2]][[1 0]
 [0 3]][[3]][[3]][[1 0]
 [0 1]][[1]][[1]][[2 0]
 [0 1]][[2]][[2]][[2 0]
 [0 1]][[2]][[2]][[1 0]
 [0 1]][[1]][[1]][[1 0]
 [0 2]][[2]][[2]][[2 0]
 [0 1]][[2]][[2]][[1 0]
 [0 1]][[1]][[1]][[1 0]
 [0 1]][[1]][[1]][[2 0]
 [0 1]][[2]][[2]][[1 0]
 [0 1]][[1]][[1]][[1 0]
 [0 1]][[1]][[1]][[1 0]
 [0 1]][[1]][[1]][[1 0]
 [0 1]][[1]][[1]][[1 0]
 [0 1]][[1]][[1]][[1 0]
 [0 1]][[1]][[1]][[2 0]
 [0 1]][[2]][[2]][[1 0]
 [0 1]][[1]][[1]][[1 0]
 [0 1]][[1]][[1]][[1 0]
 [0 1]][[1]][[1]][[1 0]
 [0 1]][[1]][[1]][[1 0]
 [0 1]][[1]][[1]][[1 0]
 [0 1]][[1]][[1]][[2 0]
 [0 1]][[2]][[2]][[1 0]
 [0 1]][[1]][[1]][[1 0]
 [0 1]][[1]][[1]][[1 0]
 [0 1]][[1]][[1]][[1 0]
 [0 1]][[1]][[1]][[1 0]
 [0 1]][[1]][[1]][[1 0]
 [0 1]][[1]][[1]][[1 0]
 [0 1]][[1]][[1]][[1 0]
 [0 1]][[1]][[1]][[2 0]
 [0 1]][[2]][[2]][[1 0]
 [0 1]][[1]][[1]][[1 0]
 [0 1]][[1]][[1]][[1 0]
 [0 1]][[1]][[1]][[1 0]
 [0 1]][[1]][[1]][[1 0]
 [0 1]][[1]][[1]][[ 1  0]
 [ 0 12]][[12]][[12]][[1 0]
 [0 2]][[2]][[2]][[2 0]
 [0 1]][[2]][[2]][[1 0]
 [0 1]][[1]][[1]][[1 0]
 [0 1]][[1]][[1]][[1 0]
 [0 1]][[1]][[1]][[1 0]
 [0 6]][[6]][[6]][[1 0]
 [0 2]][[2]][[2]][[3 0]
 [0 2]][[6]][[6]][[2 0]
 [0 2]][[4]][[4]][[1 0]
 [0 1]][[1]][[1]][[1 0]
 [0 1]][[1]][[1]][[1 0]
 [0 1]][[1]][[1]][[1 0]
 [0 1]][[1]][[1]][[1 0]
 [0 1]][[1]][[1]][[1 0]
 [0 1]][[1]][[1]][[1 0]
 [0 1]][[1]][[1]][[1 0]
 [0 1]][[1]][[1]][[1 0]
 [0 1]][[1]][[1]][[2 0]
 [0 3]][[3]][[3]][[1 0]
 [0 1]][[1]][[1]][[2 0]
 [0 2]][[4]][[4]][[1 0]
 [0 1]][[1]][[1]][[1 0]
 [0 5]][[5]][[5]][[1 0]
 [0 2]][[2]][[2]][[2 0]
 [0 5]][[5]][[5]][[2 0]
 [0 1]][[2]][[2]][[1 0]
 [0 1]][[1]][[1]][[1 0]
 [0 1]][[1]][[1]][[1 0]
 [0 2]][[2]][[2]][[1 0]
 [0 2]][[2]][[2]][[1 0]
 [0 1]][[1]][[1]][[2 0]
 [0 1]][[2]][[2]][[1 0]
 [0 1]][[1]][[1]][[1 0]
 [0 1]][[1]][[1]][[1 0]
 [0 1]][[1]][[1]][[1 0]
 [0 1]][[1]][[1]][[1 0]
 [0 1]][[1]][[1]][[2 0]
 [0 1]][[2]][[2]][[1 0]
 [0 1]][[1]][[1]][[1 0]
 [0 1]][[1]][[1]][[1 0]
 [0 2]][[2]][[2]][[1 0]
 [0 2]][[2]][[2]][[2 0]
 [0 1]][[2]][[2]][[1 0]
 [0 2]][[2]][[2]][[1 0]
 [0 1]][[1]][[1]][[1 0]
 [0 1]][[1]][[1]][[1 0]
 [0 1]][[1]][[1]][[1 0]
 [0 1]][[1]][[1]][[1 0]
 [0 2]][[2]][[2]][[1 0]
 [0 1]][[1]][[1]][[1 0]
 [0 1]][[1]][[1]][[1 0]
 [0 2]][[2]][[2]][[517   0]
 [  0 572]][[683]][[683]][[1 0]
 [0 1]][[1]][[1]][[1 0]
 [0 1]][[1]][[1]][[1 0]
 [0 1]][[1]][[1]][[1 0]
 [0 1]][[1]][[1]][[1 0]
 [0 2]][[2]][[2]][[2 0]
 [0 1]][[2]][[2]][[1 0]
 [0 1]][[1]][[1]][[1 0]
 [0 1]][[1]][[1]][[1 0]
 [0 1]][[1]][[1]][[1 0]
 [0 1]][[1]][[1]][[1 0]
 [0 1]][[1]][[1]][[1 0]
 [0 3]][[3]][[3]][[1 0]
 [0 1]][[1]][[1]][[1 0]
 [0 2]][[2]][[2]][[1 0]
 [0 1]][[1]][[1]][[1 0]
 [0 1]][[1]][[1]][[1 0]
 [0 1]][[1]][[1]][[1 0]
 [0 1]][[1]][[1]][[1 0]
 [0 1]][[1]][[1]][[2 0]
 [0 1]][[2]][[2]][[1 0]
 [0 1]][[1]][[1]][[2 0]
 [0 3]][[6]][[6]][[2 0]
 [0 1]][[2]][[2]][[1 0]
 [0 1]][[1]][[1]][[1 0]
 [0 1]][[1]][[1]][[1 0]
 [0 1]][[1]][[1]][[1 0]
 [0 1]][[1]][[1]][[1 0]
 [0 1]][[1]][[1]][[1 0]
 [0 1]][[1]][[1]][[1 0]
 [0 1]][[1]][[1]][[1 0]
 [0 1]][[1]][[1]][[1 0]
 [0 1]][[1]][[1]][[1 0]
 [0 1]][[1]][[1]][[1 0]
 [0 1]][[1]][[1]][[3 0]
 [0 1]][[3]][[3]][[2 0]
 [0 3]][[6]][[6]][[2 0]
 [0 1]][[2]][[2]][[1 0]
 [0 1]][[1]][[1]][[1 0]
 [0 2]][[2]][[2]][[1 0]
 [0 1]][[1]][[1]][[1 0]
 [0 1]][[1]][[1]][[1 0]
 [0 1]][[1]][[1]][[1 0]
 [0 1]][[1]][[1]][[1 0]
 [0 3]][[3]][[3]][[1 0]
 [0 1]][[1]][[1]][[1 0]
 [0 1]][[1]][[1]][[1 0]
 [0 1]][[1]][[1]][[2 0]
 [0 2]][[4]][[4]][[3 0]
 [0 1]][[3]][[3]][[1 0]
 [0 2]][[2]][[2]][[1 0]
 [0 2]][[2]][[2]][[1 0]
 [0 1]][[1]][[1]][[2 0]
 [0 2]][[2]][[2]][[1 0]
 [0 1]][[1]][[1]][[1 0]
 [0 2]][[2]][[2]][[1 0]
 [0 1]][[1]][[1]][[1 0]
 [0 1]][[1]][[1]][[1 0]
 [0 1]][[1]][[1]][[1 0]
 [0 2]][[2]][[2]][[1 0]
 [0 1]][[1]][[1]][[1 0]
 [0 1]][[1]][[1]][[1 0]
 [0 1]][[1]][[1]][[2 0]
 [0 1]][[2]][[2]][[1 0]
 [0 2]][[2]][[2]][[2 0]
 [0 2]][[2]][[2]][[1 0]
 [0 1]][[1]][[1]][[1 0]
 [0 1]][[1]][[1]][[2 0]
 [0 2]][[4]][[4]][[1 0]
 [0 1]][[1]][[1]][[2 0]
 [0 1]][[2]][[2]][[3 0]
 [0 2]][[6]][[6]][[1 0]
 [0 1]][[1]][[1]][[1 0]
 [0 2]][[2]][[2]][[1 0]
 [0 1]][[1]][[1]][[1 0]
 [0 3]][[3]][[3]][[3 0]
 [0 1]][[3]][[3]][[1 0]
 [0 1]][[1]][[1]][[1 0]
 [0 2]][[2]][[2]][[1 0]
 [0 4]][[4]][[4]][[1 0]
 [0 1]][[1]][[1]][[1 0]
 [0 1]][[1]][[1]][[1 0]
 [0 1]][[1]][[1]][[2 0]
 [0 1]][[2]][[2]][[1 0]
 [0 1]][[1]][[1]][[1 0]
 [0 1]][[1]][[1]][[1 0]
 [0 2]][[2]][[2]][[1 0]
 [0 1]][[1]][[1]][[2 0]
 [0 1]][[2]][[2]][[1 0]
 [0 1]][[1]][[1]][[2 0]
 [0 1]][[2]][[2]][[1 0]
 [0 1]][[1]][[1]][[1 0]
 [0 1]][[1]][[1]][[2 0]
 [0 1]][[2]][[2]][[1 0]
 [0 2]][[2]][[2]][[1 0]
 [0 2]][[2]][[2]][[1 0]
 [0 1]][[1]][[1]][[1 0]
 [0 1]][[1]][[1]][[1 0]
 [0 1]][[1]][[1]][[1 0]
 [0 1]][[1]][[1]][[1 0]
 [0 3]][[3]][[3]][[1 0]
 [0 2]][[2]][[2]][[1 0]
 [0 1]][[1]][[1]][[1 0]
 [0 1]][[1]][[1]][[2 0]
 [0 1]][[2]][[2]][[1 0]
 [0 1]][[1]][[1]][[1 0]
 [0 1]][[1]][[1]][[1 0]
 [0 1]][[1]][[1]][[1 0]
 [0 1]][[1]][[1]][[1 0]
 [0 2]][[2]][[2]][[1 0]
 [0 2]][[2]][[2]][[1 0]
 [0 2]][[2]][[2]][[1 0]
 [0 1]][[1]][[1]][[1 0]
 [0 1]][[1]][[1]][[1 0]
 [0 1]][[1]][[1]][[1 0]
 [0 2]][[2]][[2]][[1 0]
 [0 1]][[1]][[1]][[2 0]
 [0 2]][[4]][[4]][[1 0]
 [0 2]][[2]][[2]][[1 0]
 [0 1]][[1]][[1]][[2 0]
 [0 1]][[2]][[2]][[1 0]
 [0 1]][[1]][[1]][[1 0]
 [0 1]][[1]][[1]][[1 0]
 [0 1]][[1]][[1]][[1 0]
 [0 1]][[1]][[1]][[2 0]
 [0 3]][[6]][[6]][[1 0]
 [0 1]][[1]][[1]][[1 0]
 [0 1]][[1]][[1]][[1 0]
 [0 1]][[1]][[1]][[1 0]
 [0 1]][[1]][[1]][[1 0]
 [0 1]][[1]][[1]][[1 0]
 [0 1]][[1]][[1]][[1 0]
 [0 1]][[1]][[1]][[1 0]
 [0 1]][[1]][[1]][[1 0]
 [0 1]][[1]][[1]][[1 0]
 [0 1]][[1]][[1]][[2 0]
 [0 4]][[8]][[8]][[1 0]
 [0 1]][[1]][[1]][[2 0]
 [0 1]][[2]][[2]][[1 0]
 [0 1]][[1]][[1]][[1 0]
 [0 1]][[1]][[1]][[1 0]
 [0 1]][[1]][[1]][[1 0]
 [0 1]][[1]][[1]][[1 0]
 [0 1]][[1]][[1]][[1 0]
 [0 2]][[2]][[2]][[1 0]
 [0 1]][[1]][[1]][[1 0]
 [0 1]][[1]][[1]][[1 0]
 [0 1]][[1]][[1]][[1 0]
 [0 1]][[1]][[1]][[1 0]
 [0 1]][[1]][[1]][[1 0]
 [0 1]][[1]][[1]][[1 0]
 [0 1]][[1]][[1]][[2 0]
 [0 1]][[2]][[2]][[1 0]
 [0 1]][[1]][[1]][[2 0]
 [0 3]][[5]][[5]][[1 0]
 [0 1]][[1]][[1]][[1 0]
 [0 1]][[1]][[1]][[1 0]
 [0 1]][[1]][[1]][[1 0]
 [0 1]][[1]][[1]][[1 0]
 [0 1]][[1]][[1]][[1 0]
 [0 1]][[1]][[1]][[1 0]
 [0 1]][[1]][[1]][[2 0]
 [0 2]][[3]][[3]][[2 0]
 [0 1]][[2]][[2]][[1 0]
 [0 3]][[3]][[3]][[1 0]
 [0 1]][[1]][[1]][[1 0]
 [0 1]][[1]][[1]][[1 0]
 [0 1]][[1]][[1]][[1 0]
 [0 1]][[1]][[1]][[1 0]
 [0 1]][[1]][[1]][[1 0]
 [0 1]][[1]][[1]][[1 0]
 [0 1]][[1]][[1]][[1 0]
 [0 1]][[1]][[1]][[1 0]
 [0 2]][[2]][[2]][[1 0]
 [0 1]][[1]][[1]][[1 0]
 [0 1]][[1]][[1]][[1 0]
 [0 1]][[1]][[1]][[1 0]
 [0 2]][[2]][[2]][[1 0]
 [0 2]][[2]][[2]][[3 0]
 [0 1]][[2]][[2]][[1 0]
 [0 1]][[1]][[1]][[1 0]
 [0 1]][[1]][[1]][[1 0]
 [0 1]][[1]][[1]][[1 0]
 [0 1]][[1]][[1]][[1 0]
 [0 1]][[1]][[1]][[1 0]
 [0 1]][[1]][[1]][[2 0]
 [0 1]][[2]][[2]][[2 0]
 [0 1]][[2]][[2]][[1 0]
 [0 1]][[1]][[1]][[1 0]
 [0 1]][[1]][[1]][[1 0]
 [0 1]][[1]][[1]][[1 0]
 [0 1]][[1]][[1]][[1 0]
 [0 1]][[1]][[1]][[1 0]
 [0 1]][[1]][[1]][[1 0]
 [0 1]][[1]][[1]][[1 0]
 [0 2]][[2]][[2]][[1 0]
 [0 2]][[2]][[2]][[1 0]
 [0 1]][[1]][[1]][[1 0]
 [0 2]][[2]][[2]][[1 0]
 [0 1]][[1]][[1]][[1 0]
 [0 1]][[1]][[1]][[1 0]
 [0 1]][[1]][[1]][[1 0]
 [0 1]][[1]][[1]][[3 0]
 [0 1]][[3]][[3]][[1 0]
 [0 1]][[1]][[1]][[1 0]
 [0 3]][[3]][[3]][[1 0]
 [0 3]][[3]][[3]][[1 0]
 [0 1]][[1]][[1]][[1 0]
 [0 1]][[1]][[1]][[1 0]
 [0 1]][[1]][[1]][[1 0]
 [0 1]][[1]][[1]][[1 0]
 [0 1]][[1]][[1]][[1 0]
 [0 1]][[1]][[1]][[4 0]
 [0 4]][[16]][[16]][[1 0]
 [0 1]][[1]][[1]][[2 0]
 [0 1]][[2]][[2]][[1 0]
 [0 1]][[1]][[1]][[1 0]
 [0 1]][[1]][[1]][[1 0]
 [0 2]][[2]][[2]][[1 0]
 [0 1]][[1]][[1]][[1 0]
 [0 1]][[1]][[1]][[1 0]
 [0 1]][[1]][[1]][[1 0]
 [0 1]][[1]][[1]][[1 0]
 [0 4]][[4]][[4]][[1 0]
 [0 1]][[1]][[1]][[1 0]
 [0 5]][[5]][[5]][[1 0]
 [0 1]][[1]][[1]][[1 0]
 [0 1]][[1]][[1]][[1 0]
 [0 1]][[1]][[1]][[1 0]
 [0 1]][[1]][[1]][[1 0]
 [0 2]][[2]][[2]][[1 0]
 [0 1]][[1]][[1]][[1 0]
 [0 1]][[1]][[1]][[1 0]
 [0 1]][[1]][[1]][[1 0]
 [0 1]][[1]][[1]][[1 0]
 [0 1]][[1]][[1]][[1 0]
 [0 1]][[1]][[1]][[1 0]
 [0 1]][[1]][[1]][[1 0]
 [0 1]][[1]][[1]][[1 0]
 [0 1]][[1]][[1]][[1 0]
 [0 1]][[1]][[1]][[3 0]
 [0 3]][[4]][[4]][[2 0]
 [0 1]][[2]][[2]][[1 0]
 [0 1]][[1]][[1]][[1 0]
 [0 1]][[1]][[1]][[1 0]
 [0 1]][[1]][[1]][[1 0]
 [0 1]][[1]][[1]][[2 0]
 [0 2]][[4]][[4]][[1 0]
 [0 1]][[1]][[1]][[1 0]
 [0 1]][[1]][[1]][[1 0]
 [0 1]][[1]][[1]][[1 0]
 [0 1]][[1]][[1]][[2 0]
 [0 1]][[2]][[2]][[1 0]
 [0 1]][[1]][[1]][[2 0]
 [0 2]][[4]][[4]][[1 0]
 [0 1]][[1]][[1]][[1 0]
 [0 1]][[1]][[1]][[1 0]
 [0 1]][[1]][[1]][[1 0]
 [0 1]][[1]][[1]][[2 0]
 [0 2]][[2]][[2]][[1 0]
 [0 1]][[1]][[1]][[1 0]
 [0 1]][[1]][[1]][[1 0]
 [0 1]][[1]][[1]][[1 0]
 [0 1]][[1]][[1]][[1 0]
 [0 1]][[1]][[1]][[1 0]
 [0 1]][[1]][[1]][[1 0]
 [0 1]][[1]][[1]][[1 0]
 [0 1]][[1]][[1]][[1 0]
 [0 2]][[2]][[2]][[1 0]
 [0 1]][[1]][[1]][[1 0]
 [0 1]][[1]][[1]][[1 0]
 [0 2]][[2]][[2]][[1 0]
 [0 1]][[1]][[1]][[1 0]
 [0 1]][[1]][[1]][[1 0]
 [0 1]][[1]][[1]][[1 0]
 [0 1]][[1]][[1]][[5 0]
 [0 1]][[5]][[5]][[2 0]
 [0 1]][[2]][[2]][[1 0]
 [0 1]][[1]][[1]][[1 0]
 [0 1]][[1]][[1]][[2 0]
 [0 2]][[2]][[2]][[1 0]
 [0 1]][[1]][[1]][[1 0]
 [0 1]][[1]][[1]][[1 0]
 [0 1]][[1]][[1]][[1 0]
 [0 2]][[2]][[2]][[1 0]
 [0 1]][[1]][[1]][[1 0]
 [0 1]][[1]][[1]][[3 0]
 [0 1]][[3]][[3]][[1 0]
 [0 1]][[1]][[1]][[1 0]
 [0 2]][[2]][[2]][[1 0]
 [0 1]][[1]][[1]][[1 0]
 [0 2]][[2]][[2]][[1 0]
 [0 1]][[1]][[1]][[3 0]
 [0 1]][[3]][[3]][[2 0]
 [0 1]][[2]][[2]][[1 0]
 [0 2]][[2]][[2]][[1 0]
 [0 2]][[2]][[2]][[2 0]
 [0 1]][[2]][[2]][[1 0]
 [0 1]][[1]][[1]][[1 0]
 [0 3]][[3]][[3]][[1 0]
 [0 1]][[1]][[1]][[1 0]
 [0 1]][[1]][[1]][[1 0]
 [0 2]][[2]][[2]][[1 0]
 [0 1]][[1]][[1]][[1 0]
 [0 1]][[1]][[1]][[1 0]
 [0 1]][[1]][[1]][[1 0]
 [0 4]][[4]][[4]][[1 0]
 [0 2]][[2]][[2]][[1 0]
 [0 2]][[2]][[2]][[1 0]
 [0 2]][[2]][[2]][[1 0]
 [0 2]][[2]][[2]][[1 0]
 [0 1]][[1]][[1]][[2 0]
 [0 1]][[2]][[2]][[1 0]
 [0 1]][[1]][[1]][[2 0]
 [0 1]][[2]][[2]][[1 0]
 [0 1]][[1]][[1]][[2 0]
 [0 1]][[2]][[2]][[1 0]
 [0 1]][[1]][[1]][[1 0]
 [0 1]][[1]][[1]][[1 0]
 [0 1]][[1]][[1]][[1 0]
 [0 8]][[8]][[8]][[1 0]
 [0 1]][[1]][[1]][[1 0]
 [0 1]][[1]][[1]][[2 0]
 [0 1]][[2]][[2]][[2 0]
 [0 1]][[2]][[2]][[1 0]
 [0 1]][[1]][[1]][[1 0]
 [0 1]][[1]][[1]][[3 0]
 [0 1]][[3]][[3]][[1 0]
 [0 1]][[1]][[1]][[1 0]
 [0 1]][[1]][[1]][[1 0]
 [0 1]][[1]][[1]][[1 0]
 [0 1]][[1]][[1]][[1 0]
 [0 1]][[1]][[1]][[1 0]
 [0 1]][[1]][[1]][[1 0]
 [0 1]][[1]][[1]][[3 0]
 [0 5]][[5]][[5]][[1 0]
 [0 1]][[1]][[1]][[1 0]
 [0 1]][[1]][[1]][[2 0]
 [0 2]][[4]][[4]][[1 0]
 [0 1]][[1]][[1]][[1 0]
 [0 1]][[1]][[1]][[1 0]
 [0 1]][[1]][[1]][[1 0]
 [0 2]][[2]][[2]][[1 0]
 [0 1]][[1]][[1]][[1 0]
 [0 4]][[4]][[4]][[1 0]
 [0 1]][[1]][[1]][[1 0]
 [0 1]][[1]][[1]][[1 0]
 [0 5]][[5]][[5]][[2 0]
 [0 2]][[2]][[2]][[2 0]
 [0 1]][[2]][[2]][[1 0]
 [0 1]][[1]][[1]][[1 0]
 [0 4]][[4]][[4]][[3 0]
 [0 0]][[0]][[0]][[1 0]
 [0 1]][[1]][[1]][[1 0]
 [0 2]][[2]][[2]][[1 0]
 [0 1]][[1]][[1]][[1 0]
 [0 1]][[1]][[1]][[2 0]
 [0 4]][[8]][[8]][[1 0]
 [0 1]][[1]][[1]][[1 0]
 [0 1]][[1]][[1]][[1 0]
 [0 1]][[1]][[1]][[2 0]
 [0 2]][[4]][[4]][[1 0]
 [0 1]][[1]][[1]][[1 0]
 [0 2]][[2]][[2]][[1 0]
 [0 1]][[1]][[1]][[1 0]
 [0 1]][[1]][[1]][[1 0]
 [0 4]][[4]][[4]][[1 0]
 [0 2]][[2]][[2]][[3 0]
 [0 1]][[3]][[3]][[1 0]
 [0 1]][[1]][[1]][[1 0]
 [0 2]][[2]][[2]][[1 0]
 [0 1]][[1]][[1]][[1 0]
 [0 1]][[1]][[1]][[2 0]
 [0 2]][[2]][[2]][[1 0]
 [0 1]][[1]][[1]][[1 0]
 [0 1]][[1]][[1]][[1 0]
 [0 1]][[1]][[1]][[1 0]
 [0 1]][[1]][[1]][[1 0]
 [0 2]][[2]][[2]][[1 0]
 [0 1]][[1]][[1]][[1 0]
 [0 2]][[2]][[2]][[1 0]
 [0 1]][[1]][[1]][[1 0]
 [0 1]][[1]][[1]][[1 0]
 [0 1]][[1]][[1]][[1 0]
 [0 1]][[1]][[1]][[1 0]
 [0 1]][[1]][[1]][[1 0]
 [0 1]][[1]][[1]][[1 0]
 [0 1]][[1]][[1]][[2 0]
 [0 1]][[2]][[2]][[2 0]
 [0 1]][[2]][[2]][[2 0]
 [0 1]][[2]][[2]][[1 0]
 [0 1]][[1]][[1]][[1 0]
 [0 2]][[2]][[2]][[1 0]
 [0 1]][[1]][[1]][[1 0]
 [0 1]][[1]][[1]][[1 0]
 [0 1]][[1]][[1]][[1 0]
 [0 1]][[1]][[1]][[1 0]
 [0 1]][[1]][[1]][[1 0]
 [0 1]][[1]][[1]][[1 0]
 [0 3]][[3]][[3]][[1 0]
 [0 1]][[1]][[1]][[1 0]
 [0 1]][[1]][[1]][[1 0]
 [0 1]][[1]][[1]][[1 0]
 [0 3]][[3]][[3]][[1 0]
 [0 1]][[1]][[1]][[1 0]
 [0 1]][[1]][[1]][[3 0]
 [0 1]][[3]][[3]][[1 0]
 [0 1]][[1]][[1]][[1 0]
 [0 1]][[1]][[1]][[1 0]
 [0 2]][[2]][[2]][[1 0]
 [0 1]][[1]][[1]][[1 0]
 [0 1]][[1]][[1]][[1 0]
 [0 1]][[1]][[1]][[1 0]
 [0 1]][[1]][[1]][[2 0]
 [0 3]][[6]][[6]][[1 0]
 [0 1]][[1]][[1]][[2 0]
 [0 1]][[2]][[2]][[1 0]
 [0 2]][[2]][[2]][[1 0]
 [0 1]][[1]][[1]][[1 0]
 [0 1]][[1]][[1]][[1 0]
 [0 1]][[1]][[1]][[1 0]
 [0 2]][[2]][[2]][[1 0]
 [0 1]][[1]][[1]][[1 0]
 [0 1]][[1]][[1]][[1 0]
 [0 1]][[1]][[1]][[1 0]
 [0 1]][[1]][[1]][[2 0]
 [0 1]][[2]][[2]][[1 0]
 [0 3]][[3]][[3]]